2.366742206847331609e+00 3.926785805360174924e+07 1.574518962910349667e+08 1.804179126767656803e+08
4.223959029363775208e-01 2.875044261404955294e+06 2.739274162942061424e+08 1.271302490420266986e+08
1.468409203712131017e+00 2.071736673938902840e+07 4.428155474101777077e+08 1.527257699549998641e+08
5.234694038112981396e-01 1.887814535209736228e+07 4.135071238877190948e+08 3.557587686442315578e+08
2.088847496367583823e+00 3.378698868089877814e+07 4.795032399042558074e+08 3.500906961373749971e+08
1.812391361553077784e+00 2.981337872432996705e+07 3.923623898289458156e+08 3.268708823380686045e+08
2.242696449781151014e+00 1.376424647772572190e+07 1.434643478553956449e+08 2.932677942022386789e+08
2.266966786908316822e-01 1.194009266612648964e+07 4.189943947131304741e+08 2.025357526061623096e+08
1.046222773585085752e+00 1.806991042132447474e+06 2.682084536205380559e+08 2.450870682332333624e+08
1.174858914049290215e+00 7.685366363893799484e+06 2.971234635884680748e+08 2.629699970893618762e+08
2.690943569837158655e+00 4.575418390064505860e+06 1.105399369517313391e+08 2.339211919300800562e+08
1.195779744774927655e+00 3.857660654300456494e+07 4.285629412502596378e+08 1.954851977601742148e+08
1.545829018823064338e+00 7.440661126672697254e+06 4.378127554905592203e+08 2.849268136790505648e+08
1.489056725331186382e+00 2.308360803585040569e+07 4.054117316683238745e+08 2.879382847164629698e+08
9.999045112487053855e-01 2.689831951556311920e+07 4.889056792762809992e+08 2.665443661500832140e+08
2.379649020451663211e-01 4.171743030661508441e+06 3.859089335464221239e+08 3.995274084510396123e+08
7.037682815837772443e-01 2.108181488229798153e+07 1.767012528282450140e+08 1.710286421774831414e+08
1.707005561772293900e+00 2.487153095584281161e+07 1.154489834153465927e+08 3.081431278543398976e+08
1.318070197553825595e-01 2.433235293454768136e+07 2.126527113350405991e+08 3.489886768673573732e+08
3.026703959668895494e-01 2.423616281343778130e+06 3.290566184419918656e+08 2.375108969332864583e+08
2.907084526247895262e+00 1.405761844423553348e+07 3.849577889210058451e+08 1.020829343318673223e+08
2.501202548129956238e+00 1.960231641555546224e+07 1.783424612875235677e+08 1.972435736994633973e+08
2.250995989759521976e+00 2.714403516938478127e+07 4.297352418058449030e+08 2.360162586439095438e+08
1.437199072474865558e+00 6.028523080876987427e+06 4.567781876841242909e+08 3.188076693926197290e+08
4.819492178497818413e-01 3.264159238603642583e+07 4.955641918669817448e+08 3.765681775374000072e+08
5.835392139983835991e-01 1.502332250200335868e+07 7.809198854091602564e+07 1.836797051414466500e+08
1.071408551511575657e+00 3.766936655619112402e+07 2.636006787859206796e+08 1.234503870601229072e+08
5.300815442754222007e-01 1.219480048657923751e+07 2.597799271017934382e+08 2.890001219412407875e+08
9.462021839650237576e-01 3.588606406119883806e+07 6.801512539361505210e+07 2.557652849631985426e+08
2.347404563685205225e+00 1.092419986826963723e+07 5.554837924943287671e+07 1.512561343405905366e+08
2.936519725970913708e+00 1.156691555960419588e+07 4.067989480246424675e+08 1.108354206195551455e+08
4.444584232677429858e-01 3.640578076316279173e+07 5.459559229053200036e+07 1.423875131332278252e+08
2.060072106562278904e+00 5.140000776873182505e+06 3.558712492871628404e+08 3.723342977045001984e+08
2.879594786218719449e+00 9.338994279317582026e+06 4.331367703466247916e+08 3.540382973121912479e+08
1.681351612079128977e+00 3.804528519120582193e+07 2.108035418184659183e+08 2.691005365311460495e+08
2.399362324095656529e+00 2.765199258093772829e+07 1.218717361397236735e+08 2.812297293409836292e+08
2.228604419250303614e+00 7.806062863323500380e+06 2.940936659413053393e+08 1.190431409480688870e+08
2.216726303361367112e+00 3.503409998655237257e+07 4.530356410427378863e+07 1.492540635586987138e+08
1.172492514484865689e+00 2.027876939586719498e+07 2.515201095568788946e+08 2.086649504894491434e+08
1.652233873991808544e+00 2.136988472733649611e+07 2.835075873813167214e+08 2.035352537197999358e+08
1.843505003330363046e+00 3.308883118357606232e+07 4.603861909530587792e+08 1.770217602784055173e+08
3.719729108186003996e-01 6.499524617152482271e+06 4.237316344026396275e+08 3.915115776328694224e+08
2.050611812219211849e+00 9.604699189239973202e+06 1.388746746806615293e+08 1.639058132214331627e+08
1.781965302583687016e+00 3.916709233356997371e+07 4.662393058068543077e+08 1.264661958639551699e+08
6.714736514879054985e-01 2.421477123513644189e+07 4.875078239265295863e+08 1.540621584686775804e+08
1.217528948345328654e+00 8.291000952554068528e+06 3.508450695769845843e+08 2.924344155863379240e+08
2.808292845810714145e+00 3.282738236306979135e+07 4.823559248670404553e+08 2.260117572196449339e+08
1.732951687968085297e+00 1.532377170833524317e+07 7.323668549375987053e+07 3.591851617655818462e+08
8.708686847244712093e-01 3.694222484863741696e+07 2.819042527587501407e+08 1.539078506886509359e+08
1.523022829339027107e+00 2.404601918661955744e+07 1.957604993262376487e+08 3.570705511149900556e+08
1.795964287002755011e+00 2.835546678419432417e+07 3.183575275037765503e+08 1.152486245275747329e+08
2.570798163394810931e+00 1.142086567374820262e+07 3.143807703269917369e+08 1.030185190626963079e+08
1.850824497238181543e+00 2.204031866708225384e+07 5.071571072504347563e+07 2.549178032314109802e+08
1.693487433728511071e+00 4.739692673418556340e+06 4.171560842277172208e+08 3.895245198948975801e+08
2.475920461288598773e+00 3.482638055989219993e+07 3.035756134349895716e+08 1.387643134639319181e+08
1.081801283438775352e+00 3.955895252527184784e+07 9.331304296524956822e+07 1.933178692303912640e+08
1.020113421681970278e+00 2.960785460870308056e+07 3.220713147266561985e+08 1.296334929266977012e+08
1.608623754706837161e-01 2.051630177846439928e+07 3.194796183001918197e+08 2.226760415579871535e+08
2.559326550775581133e+00 3.942062971040166169e+07 1.477652163764383197e+08 2.770326173845841885e+08
4.483883068321413701e-01 2.657331671380975749e+06 4.839610861558180451e+08 3.037397262272343636e+08
1.502638436651120069e+00 2.648091487550789863e+07 4.983095130021933317e+08 2.116574387968189418e+08
2.305789385167315686e+00 2.341699290300514549e+07 1.318888329373879433e+08 2.234159916759365797e+08
2.217094155360644248e+00 2.634797828369461745e+07 1.205213002959725857e+08 2.271425915285592675e+08
1.349981072322257836e+00 3.904288626816654950e+07 1.732700034456889331e+08 3.040938172451690435e+08
2.555250119525191543e+00 2.697072030954177305e+07 4.205249220398529768e+08 2.319721101171385050e+08
2.523149319585393791e+00 3.276245054167602584e+07 7.489036585691551864e+07 1.985200756111536324e+08
1.536454638583510057e+00 1.022272531725230440e+07 9.128494730904437602e+07 1.663666767722649872e+08
2.709449872103338208e+00 1.700825417445475608e+07 4.708089271773923039e+08 3.786454336927122474e+08
1.718816307769069018e+00 2.579300951114616916e+07 1.449544219401471019e+08 3.026534465883842111e+08
2.011755612091736367e+00 3.522207307797933370e+07 2.254052440497822464e+08 3.167354733138495684e+08
9.875265753176962757e-01 2.593861429236815497e+07 4.740807915883388370e+07 1.227979117888911366e+08
1.126497175175507071e+00 3.736931622748665977e+06 2.172454510219033957e+08 1.173389404325776398e+08
2.797537277286548107e+00 1.003648522030320205e+07 1.060082395446430892e+08 1.204936516441122144e+08
1.366195667275656112e+00 6.693774999741006643e+06 2.417932658734342754e+08 2.168543230000871420e+08
2.960124235071754040e+00 3.093420099597588927e+07 3.656944815888172984e+08 2.863951691680738926e+08
2.618261086220142531e+00 5.339484117177302949e+06 2.569606960358464718e+08 2.975925933323529959e+08
1.789297948194594534e+00 1.740986015579430386e+07 1.269404712890082300e+08 3.108143293125311732e+08
2.417540144697897908e+00 1.294943105762158148e+07 2.392244665951713324e+08 2.072168622906461358e+08
2.772432819395528991e+00 2.084354255271472782e+07 2.076858701889655292e+08 2.983529971185643673e+08
2.030278817273989844e+00 1.841724633098464832e+07 1.810160116729464531e+08 3.209185460647925138e+08
1.274469041152998638e+00 1.708675512598557398e+07 6.148313033938366175e+07 2.141744525060884356e+08
1.496148066790954134e+00 3.024859423218518123e+07 5.227862331844328344e+07 2.635632670938175619e+08
1.244315311022651693e+00 3.030065612851230055e+07 1.459536723219180703e+08 3.630298323973439336e+08
2.128971292341835797e-01 1.900970690399726387e+06 1.628709363963723779e+08 3.302200626253700256e+08
2.423882424578674311e+00 2.804310335420270264e+07 8.496922892370504141e+07 1.007182571584264338e+08
1.573277392701156741e+00 1.398548358709379658e+07 3.159413315365920663e+08 3.799293775309371352e+08
1.621062069851979537e+00 5.883756718354990706e+06 4.679552008794031739e+08 2.508218472494519055e+08
2.526411086556108021e+00 3.884980313077506423e+07 4.064285570604648441e+07 2.303764966422130466e+08
1.479632015422107205e+00 3.556093999492096156e+07 1.237096262792404741e+08 3.360066622221204042e+08
1.760615455327474432e+00 1.853910665407158434e+07 3.315809140224637985e+08 1.334756060456276834e+08
1.941419448484924537e+00 3.301642047453666478e+07 1.351137148601894379e+08 2.093893827633589804e+08
3.844984477846912219e-01 3.999165475859966129e+06 7.103368666506610811e+07 1.700621244575576782e+08
1.370093183945389370e+00 3.393336373673776537e+07 3.491005673134872913e+08 1.559816995710484385e+08
7.792069887169685849e-01 2.391857408806526661e+07 3.614785719954288602e+08 2.468775846748095751e+08
1.739138510595503062e+00 1.250264132469640858e+07 1.016744995950708687e+08 3.317083623461917639e+08
6.387314038561395790e-01 3.452402899192102253e+07 2.540234793768917322e+08 2.525592392291712761e+08
5.589467672422970823e-01 1.832507616961659491e+07 4.539150392257277966e+08 3.094532128865848780e+08
1.991663595738794701e+00 1.418552932671080343e+07 2.232872229990124702e+08 3.842217575381069779e+08
2.924511191797166454e+00 2.120409890136691928e+07 4.541383238987672329e+08 1.814739202268746197e+08
1.875431951551215504e-01 5.673336042394857854e+06 3.597202367426327467e+08 1.477569298309983015e+08
3.288349352585664409e-01 2.623552104918790236e+07 3.311421722968495488e+08 3.563004985310323238e+08
1.063261437403210996e+00 3.577435680038976669e+07 4.747128399132887721e+08 1.581454722710130811e+08
1.607319636412346986e+00 3.044723992377127334e+07 1.128283300452821106e+08 3.451059476918739080e+08
2.608387799172985133e+00 4.362006088480656035e+06 3.972295942557777166e+08 3.928858126838638186e+08
2.046711680313872961e-01 5.510237122480054386e+06 4.494595068957123756e+08 2.943221561926518679e+08
1.190977833441017597e-01 1.548724430741337873e+07 1.252025672542406917e+08 2.683267403691022694e+08
1.289650075969092757e+00 7.924273825514462776e+06 3.442855497520662546e+08 1.683703142698919177e+08
2.325915653497793389e+00 3.798501509153196961e+07 1.712050947404064536e+08 1.430260471100239456e+08
7.281951855469374069e-01 8.653605328748360276e+06 2.647352141947256029e+08 3.151478464302448034e+08
2.686423909572822843e+00 1.541672420354888774e+07 9.738739811516854167e+07 3.613820356598424911e+08
1.156553140099153554e+00 1.062812405902929790e+07 5.113275806242328882e+07 3.285265689643134475e+08
2.914899353379670099e+00 3.149668481823578849e+07 2.615343339199104905e+08 1.407154801744983196e+08
2.095841926427879809e+00 1.129267250491200760e+07 1.649422465490079224e+08 3.198939351137396693e+08
2.823724871314136298e+00 2.874914931254816055e+07 1.981823884888165295e+08 2.173565127573876977e+08
1.256096342228096852e+00 8.683783044907776639e+06 2.368021188975127041e+08 1.570934971902365386e+08
2.115650807175886605e+00 2.794283621393338963e+07 5.884218671096125245e+07 2.006275478517353833e+08
1.551147331173185151e+00 3.205599124670396373e+07 3.718751923769580126e+08 3.953524964627271891e+08
4.066487781604369856e-01 3.250333272747035697e+07 4.738535834101237655e+08 3.408665650843193531e+08
1.238196276914673710e-01 6.848629703257430345e+06 3.946508458392396569e+08 3.334492981363081932e+08
1.396431397261245211e+00 1.037400084065174125e+07 4.877559802242236584e+07 1.369008972020266056e+08
2.602872187321304764e+00 3.161232618428707868e+07 4.184272433754634857e+08 3.830415494863810539e+08
1.458088173267556797e+00 3.740061237236109376e+07 4.042127733002721071e+08 3.811125171327702403e+08
2.464390635258056683e+00 8.605651172975507798e+05 2.665794220849060714e+08 3.117469027611005306e+08
2.439346892864947325e+00 2.254594642632370442e+07 3.980466811343733668e+08 2.257552591238968968e+08
8.962690933761838785e-01 3.689990296833860129e+07 1.377307156987586021e+08 2.796175695899524689e+08
6.593616571463898346e-01 1.671226119704667851e+07 2.161508179073521793e+08 2.731634620859173536e+08
9.725225578418811301e-01 2.661256772387217730e+07 1.294222112090536058e+08 1.342413694591289461e+08
2.515585362253356383e-01 1.311553516505379416e+07 3.269645541918590069e+08 3.143738971785101891e+08
4.890606175314227144e-01 2.021424063811159134e+07 8.674343609940454364e+07 1.255452851757085472e+08
1.206007137991485401e+00 1.786173986988720670e+07 7.903098026630164683e+07 2.909195074443277717e+08
9.970647977122241157e-01 1.115234333215946890e+07 2.921369634277073145e+08 1.161859300696942508e+08
1.909630660456414164e+00 2.455387805648422614e+07 3.537116347587456107e+08 1.728576978636663556e+08
7.553335385110288014e-01 1.615454805660125799e+07 2.278378188632511199e+08 1.187069803922041357e+08
2.539883128028681991e+00 7.033256113794628531e+06 1.876522039339440167e+08 3.494080503244827986e+08
8.510149138970708460e-01 1.175956525004197285e+07 1.764372824866455197e+08 1.049913252688018680e+08
5.767008941731165406e-01 1.475344417612132616e+07 2.286633174995945394e+08 2.723664149881340265e+08
8.793599041079783740e-01 3.679041147398051620e+07 2.950562753150913715e+08 3.691556101940267682e+08
1.951117290519117420e+00 1.821163718584324047e+07 4.485826166323445439e+08 1.963179570584052503e+08
1.048631167625374561e+00 3.232160996478378028e+07 4.760242108830006123e+08 3.607497878765344620e+08
1.769314196460943345e+00 2.268957124724482745e+07 3.701687094436510205e+08 3.960132813265912533e+08
2.515452649491695336e+00 2.326964558927268162e+07 1.670185519732959867e+08 3.079944198149954081e+08
8.851928560389953349e-01 6.204495526270242408e+06 1.409855069014675617e+08 1.057803364700392783e+08
3.109993533794103149e-01 7.215078477897383273e+06 3.902210274552044272e+08 3.647868858325545788e+08
7.997116796893404267e-01 4.124519607454184443e+06 3.786367829877977371e+08 2.567324147520148158e+08
2.141822133199243083e+00 3.118170549887698516e+07 1.349192792264327407e+08 1.676990381036854386e+08
2.763058244623084914e+00 5.044777984309439547e+06 4.926418540451677442e+08 3.466791822033516169e+08
2.576419308241804096e+00 1.872214229223399237e+07 2.208743937286190689e+08 2.472471658591870964e+08
1.671374589923816600e+00 9.294635257588593289e+06 2.218209434686097205e+08 3.258195035904588699e+08
2.983743651570601063e+00 3.217398968872877769e+06 3.696128025494679213e+08 2.342470294632415771e+08
1.323688535615433315e+00 9.959149436855407432e+06 3.369583725571345091e+08 1.844185786462882161e+08
2.430147837122788701e+00 3.591050966214304790e+06 3.932826526831017137e+08 3.822579100739353299e+08
7.731145115886156605e-01 2.754713568250572681e+07 3.265075102513250709e+08 2.953359631823261976e+08
2.174038991870831161e+00 2.774664926107625291e+07 4.222966163410996795e+08 3.018354899464434385e+08
2.452633471356272299e+00 2.526840312372132763e+07 2.093319823919582963e+08 2.419424091983695924e+08
2.855338592898943428e+00 1.442841080348794907e+07 3.073162973882288933e+08 3.433435943611288071e+08
1.112940110055509191e+00 3.410301815814430267e+07 1.903186238107339144e+08 3.130916897497954369e+08
1.865366036884869239e+00 1.351976512918732502e+07 1.967909729293648005e+08 1.374089393834730089e+08
2.107528146187376716e+00 2.891970591058030725e+07 1.286104793417843282e+08 3.398422547270436287e+08
2.787467909322728143e+00 1.810034393637514859e+07 2.865379225902328491e+08 1.072850423975651413e+08
2.081372539419069856e+00 1.322108166389524378e+07 3.393316408362281322e+08 2.320127481891676784e+08
1.581526669657584705e+00 2.305891182633002102e+07 3.017260164487535954e+08 3.740720383326491117e+08
1.222322996155153163e+00 2.537694966430014744e+07 7.668713985444915295e+07 3.981178056810173988e+08
2.390722444850067685e+00 1.994024671084510162e+07 1.051196158084790260e+08 1.892498588566638231e+08
1.839160880215464200e+00 3.961468743760707974e+07 3.741924628008529544e+08 1.112861421980751306e+08
2.587133443384857401e+00 2.992024082174908370e+07 4.417192013934705257e+08 1.603329436202102900e+08
4.174110662221897083e-01 2.264626659874795936e+06 1.176745365418084413e+08 1.018073667968350947e+08
1.561763760166566151e+00 2.232011393477277458e+07 2.261895440922169685e+08 1.244095435915423632e+08
3.378883893005547590e-01 2.451733685268807411e+07 3.627415385588697195e+08 1.730757357842178345e+08
2.123305280050192589e+00 3.424774611974461377e+07 4.389578061009133458e+08 1.351459658466892540e+08
1.957773368442476958e+00 1.678345446571699809e+06 2.424434879498035312e+08 2.789102243964273930e+08
2.261000816562368065e+00 1.194083993096699473e+06 9.413863499792426825e+07 2.244496211994363070e+08
2.678569131377171342e+00 2.741803932057017460e+06 4.815862912543910146e+08 2.613582318787930310e+08
2.247342164774468465e-01 1.262383749010463059e+07 8.979125211219632626e+07 2.193120890851664543e+08
1.980522769899344837e+00 6.321220113998439163e+06 2.843195843060452938e+08 3.129282698304837942e+08
6.866251306342038285e-01 1.798133454200718924e+07 4.945044714660416245e+08 3.905022664786120057e+08
1.384755069758616175e+00 1.923747632685274631e+07 4.027455604010822177e+08 3.226151452763696313e+08
2.627642441140375595e+00 2.098505135593032092e+07 1.679305710625879169e+08 3.415016420878579617e+08
2.193146178385147138e+00 1.640647896774083935e+07 2.792169129063252211e+08 2.498268131645243466e+08
2.665667792366662181e-01 3.775943699654685706e+07 2.006426616209952533e+08 2.422593042540921569e+08
2.837801420370176242e+00 9.156115231661023572e+06 3.335274436320889592e+08 2.400332139843175709e+08
6.638280530983924344e-01 3.988810879223951697e+07 2.713251704547350407e+08 1.740141505772678256e+08
7.169774964405318807e-01 6.637553298250165768e+06 4.988067611399571896e+08 3.778940515334388614e+08
2.780768019570746041e+00 2.080269222216426162e+06 1.497099695243590772e+08 2.762857540031027198e+08
7.601538785290978817e-01 2.353649682072421908e+07 4.434717612218423486e+08 3.537221480727383494e+08
1.340224075067881326e+00 1.043054720658143610e+07 1.735870618900519013e+08 3.684736055311837196e+08
7.942315573391257599e-01 2.859291746582475305e+07 3.460876653006181121e+08 1.218391158882881403e+08
3.977691751148798582e-01 3.720430781423500180e+07 4.598678846799376607e+08 3.510063962986450195e+08
2.728107049978251819e+00 2.000285431009873003e+07 3.044559243117546439e+08 3.935787174499071836e+08
4.314863665297927753e-01 8.930241462855391204e+06 3.643897386626458764e+08 2.582845466101262569e+08
2.300265130206078368e+00 1.267004813899915479e+07 3.884750225593519211e+08 2.351982955777246058e+08
6.197972323590399402e-01 2.929897265888483822e+07 2.070473298784195483e+08 3.216018215472908020e+08
9.665111302748169431e-01 2.222056512375736237e+07 4.086902102293494344e+08 2.996190129962373376e+08
1.282307460086700157e+00 1.436101865331369266e+07 4.711807260169042945e+08 1.390146587500051856e+08
5.950989116976405091e-01 3.427758265512852371e+07 8.263454180556574464e+07 1.865037206291226447e+08
1.972790426312686751e+00 8.179767368245798163e+06 2.451460065384529829e+08 3.800785886552923918e+08
1.121094964328746446e+00 2.909480153341674805e+07 1.010067906468118280e+08 2.205626682153450251e+08
2.945233229211724257e+00 2.364746914780551940e+07 4.356905629461145401e+08 1.613145229240677655e+08
8.338080556219402695e-01 1.372303199118397757e+07 2.755727515825704932e+08 1.503829166210836470e+08
1.821805699926533295e+00 5.800702726185128093e+06 1.092245810371496826e+08 3.943303903182237148e+08
5.121136561767438700e-01 7.508870915174948052e+06 3.474448739699604511e+08 2.602101329588270485e+08
1.525548341835010202e-01 3.977480802631895244e+07 2.548333158106288314e+08 1.912423787751775980e+08
2.063684935948753907e+00 2.732744201437725872e+07 4.319421128054726124e+08 3.445702933627306223e+08
7.387738647613939502e-01 3.355582638463634253e+07 4.584569137934811115e+08 3.358715980252045393e+08
1.306673898878744300e+00 8.430873892141496763e+06 3.164881816380512118e+08 1.315777628333958238e+08
2.966007582614427651e+00 2.840151623071103171e+07 3.351065722434059978e+08 2.045253848355036974e+08
1.417084226003024083e+00 1.720394194310262799e+07 3.826283621472775340e+08 1.620807288678663969e+08
3.618987743978537841e-01 3.011992908595387265e+07 2.879272561230093241e+08 1.760872811399949789e+08
2.869315334634612746e+00 3.475680747493381053e+07 2.469002233978025019e+08 3.859950898878342509e+08
2.745714201677121213e+00 2.153446575008957461e+07 1.515904154802221656e+08 1.940869309801214039e+08
2.286124802100865328e+00 1.071240288623330928e+07 4.635163689211328030e+08 1.590331484214851260e+08
1.923250373770355015e+00 3.072655549514507502e+07 4.476161599616656899e+08 2.435436649347051978e+08
2.322942167801662627e+00 3.753812423091346025e+07 3.084598748032978177e+08 2.671540818602439165e+08
1.148092781270684037e+00 2.477943466540185362e+07 1.037446249945707619e+08 3.886667820668626428e+08
3.486420722024190511e-01 1.236688928599663265e+07 1.920050285419119596e+08 2.803375457983511686e+08
1.427790168451720465e+00 3.456450820274963230e+07 3.234163647689486146e+08 2.834040946702017784e+08
1.885831268232481595e+00 3.145332187424534932e+06 9.947780315474331379e+07 1.097173060849140882e+08
2.270078835183820587e+00 1.100575934304030612e+07 1.812849614433875382e+08 1.888460914597859383e+08
4.711014400665958224e-01 4.409670588864505291e+06 4.258190324094302058e+08 1.456403164170304835e+08
2.762310756415351509e-01 2.192984752071148530e+07 1.544807857898522317e+08 3.238728985741192102e+08
5.523829862059136397e-01 1.934186272035439312e+07 3.879395699690539241e+08 1.853753852504073381e+08
2.378284276796383434e+00 2.379163570282048732e+07 3.249348118752222657e+08 3.473531279804801941e+08
9.035515717516545697e-01 2.506813300739383698e+07 1.626360880835133493e+08 2.851262359746531248e+08
1.386118160851680825e+00 3.138777830954505876e+07 4.912961409643198848e+08 1.646557572336682081e+08
2.492918438243847845e+00 1.172273852116188221e+07 2.583656068130464554e+08 2.296411297945511341e+08
1.233346371696018018e+00 1.483051751991093904e+07 8.868630827217797935e+07 3.387316764540922642e+08
2.848716344025246094e+00 3.365224134154162556e+07 4.343566031007570028e+08 3.323042213294087648e+08
6.311857554064920217e-01 2.823464448618065938e+07 1.899998490846441090e+08 1.822437026367138624e+08
1.143878175555445464e+00 1.576682269044413604e+07 1.560689903591781259e+08 1.759875185295727849e+08
2.168523451278981273e+00 2.396995842354278546e+06 4.672038014263899326e+08 1.928811002887838781e+08
2.155669426301034974e+00 3.064908389195228368e+07 4.905502455051161647e+08 2.182162388292357028e+08
2.359928510007488267e+00 8.969182221731243655e+06 2.146590964476077259e+08 2.918032920045887828e+08
1.315694815678236207e+00 3.841374471233223379e+07 2.044405863273077011e+08 2.051832654735421240e+08
2.186306046724470153e+00 2.902724972663044930e+07 3.750294972184780240e+08 3.710022314169453382e+08
1.015795308098867977e+00 2.163624496097730845e+07 1.941067965935300589e+08 2.392128974261914492e+08
1.068377088395146834e-01 2.499430584785435349e+07 3.547382463759516478e+08 1.462269677446076870e+08
1.635558967146252485e+00 1.908195281802596152e+07 6.083068272493110597e+07 1.088448476815555692e+08
2.281226484311875247e+00 3.717907692272208631e+07 3.066771538089703321e+08 2.157877938467036486e+08
1.091586652622330345e+00 3.174030577852786705e+07 2.729651096708562374e+08 3.669342209512224197e+08
2.729442586381406244e+00 2.738766648024748266e+07 2.318029002887576818e+08 1.991881517079415917e+08
1.513150416056231906e+00 1.638571161162327230e+07 2.038555587026627958e+08 3.702121709973397851e+08
1.752981990312627802e+00 1.905846423257268593e+07 6.664147015197693557e+07 2.719643155893424749e+08
1.616250664323282349e+00 3.653647314600623399e+07 1.522358076176381707e+08 2.515054157434309423e+08
2.407891680570045434e+00 5.321172255603883415e+06 2.400222155100243390e+08 1.876675162940789759e+08
1.267265856662173729e+00 4.926389021344689652e+06 1.325297043069187999e+08 2.218930286751545072e+08
1.994777376883610120e+00 3.535333866198889911e+07 4.772531180212534666e+08 1.484224203104491830e+08
2.996567235838222487e+00 1.517017150395744666e+07 8.377204377039188147e+07 3.864723368692553043e+08
2.667451404073851950e+00 4.627726149566486129e+05 4.857646820762149096e+08 2.709489055140635967e+08
1.928173342012918567e+00 3.878926955086068809e+07 3.792584608873417377e+08 1.566111253552660346e+08
2.712421212859001063e+00 2.561139326493014395e+07 5.756340402588766813e+07 3.658663492765825987e+08
1.701233683576503231e-01 2.941499709317497537e+07 4.107491694560809135e+08 1.124041829833241999e+08
9.365912114037612257e-01 3.839331161150078475e+07 3.381737540560620427e+08 2.592961451299201548e+08
1.448528851922682215e+00 3.823528066638907790e+07 8.078418091239750385e+07 3.175919304653948545e+08
1.801620090418940778e+00 3.337305797005388513e+07 1.145122819390631467e+08 1.148080906405059397e+08
1.412779481604431231e+00 1.949686491723049060e+07 2.494447299066523910e+08 3.873008461837372184e+08
2.655962075955190294e+00 1.977199776542517915e+07 2.189075651332887709e+08 1.792361311348572969e+08
1.034330114967478620e+00 1.659194264570604451e+07 1.838045813622477055e+08 2.065117750616422892e+08
8.386941579642601674e-01 1.281298697066490166e+07 6.422147575054538250e+07 3.973609264637286663e+08
5.403851520203107883e-01 1.770327894727456197e+07 1.086285327558543235e+08 3.423493734768531322e+08
9.123570328844323729e-01 3.325274011746861413e+07 2.987035746004166603e+08 3.066585494115201235e+08
2.021186193398003095e+00 7.188100689388693310e+06 3.424150699258931279e+08 1.697266408937008977e+08
6.481413847922071758e-01 1.590594134596287645e+07 2.356106315824492574e+08 3.678027699213697910e+08
1.872612228722620342e+00 3.635675965901764482e+07 2.995746766559449434e+08 2.482894504108357131e+08
1.595225497014710392e+00 2.054379811124098673e+07 1.587888762033351958e+08 2.388874314480990171e+08
2.971385520653340606e+00 1.755580635483613983e+07 2.689946527941045761e+08 1.446714882497572303e+08
1.103257867278736093e+00 2.180685235997274145e+07 4.332264545869942755e+07 2.126215819864504635e+08
7.356357550472762963e-01 1.681072614277017489e+07 4.153811202066383958e+08 3.246997951509505510e+08
5.044509678279391895e-01 3.601633040912086517e+07 3.526525758061596155e+08 2.013005265801548362e+08
2.206275430532611104e+00 1.462025120084030181e+07 3.120624251881712079e+08 3.377801953259661794e+08
2.895431220560058083e+00 2.953700372869881615e+07 4.119639602624779940e+08 2.109004203723911047e+08
2.034961966923488852e+00 8.030019824917801656e+06 4.619166114650759697e+08 2.570212110720196068e+08
1.399584283824796549e-01 3.463141971727485768e+06 3.586668337360695004e+08 3.625625199472286701e+08
2.829362059497438242e+00 3.224741028860867023e+07 1.856675622845031321e+08 3.058736614319806099e+08
4.666860511098926967e-01 3.624363964056807756e+07 2.904994530961655378e+08 3.295262751359479427e+08
2.139053505805460720e+00 1.211154757385932282e+07 3.674565903246978521e+08 1.783602696372029781e+08
1.889410592169689318e+00 1.610065549732245132e+07 6.542675381097498536e+07 3.733970958091797233e+08
1.656875801373429935e+00 3.199787513099263608e+07 2.773482430910165310e+08 1.908835478385472298e+08
9.513761113440859507e-01 1.342743162671769038e+07 3.807852973815214634e+08 1.289041354536316395e+08
1.332094655219019153e+00 2.252982965723759308e+07 9.588234076612654328e+07 2.652287110386601388e+08
2.334741295477459566e+00 3.563953766404059529e+07 3.770934652482151985e+08 1.416231530337639451e+08
3.574872444865250243e-01 1.564166400586919859e+07 4.007557844597839713e+08 1.329614224856617004e+08
3.145881193016675237e-01 3.129143326828366518e+07 1.689768207062181234e+08 3.580540810193758607e+08
9.236519602395777406e-01 2.600709643365365639e+07 2.334512789323933721e+08 1.300140462783327103e+08
1.641545602564875805e+00 3.512870739559481293e+07 3.113388694423035383e+08 2.287111189527639747e+08
1.190528362621628089e+00 2.286413102402257919e+07 1.414849031742075086e+08 2.539484384319117665e+08
6.061964064646366834e-01 9.787571411666752771e+06 2.301836893324505985e+08 3.758631785223082304e+08
2.632895355546540639e+00 1.581977664257380646e+06 3.999386923314418793e+08 1.657121727559634447e+08
1.830618349340245588e-01 3.060458006692612544e+06 2.789356405086989403e+08 2.751321878338323832e+08
1.903379237507033528e+00 3.088651662497598305e+07 2.473542897757037282e+08 2.969656762173447013e+08
6.915658612298697383e-01 2.674593814357276633e+07 4.521168012743820548e+08 3.520973249628311396e+08
8.618353684014194993e-01 2.559480282066151500e+07 7.058168994792707264e+07 1.136630974295636117e+08
8.140164309042300372e-01 3.622242525036137085e+06 4.225402044451187551e+07 2.883786803551716805e+08
2.487625133214372841e+00 9.514380134995615110e+06 1.851644603682975769e+08 3.003059040875755548e+08
